68208
68012
68538
68042
68660
68041
69054
12332
12333
68580
68292
68870
11314
68890
63239
66780
68790
67470
68592
68586
14900
14896
14898
21887
68110
68406
38539
68852
68918
68416
68992
68720
01998
68230
06482
13214
68674
68688
67663
33281
33282
36942
68694
68770
68122
40124
68972
56567
69092
68330
62982
68764
68274
68010
08947
68632
68035
67578
69016
67642
20988
22125
68528
68396
26726
68350
26986
31765
68904
68794
68928
68428
68624
55371
68622
64092
68576
67411
65332
68202
68988
69048
68842
68520
69086
68344
68692
22956
69068
68974
35520
68132
68398
42838
42840
42974
68288
43176
68218
68510
68294
68540
62257
68924
01392
68612
68338
69028
68368
68374
69004
23779
68954
67776
28212
68320
68636
68810
35463
68544
67925
68364
68446
68726
68856
49186
68336
67227
67306
68248
62109
68722
68766
68964
64267
68956
04629
68626
68594
07941
68376
68900
67545
68666
17334
69066
68424
68984
69088
26841
31850
68832
45845
68400
69034
68664
46738
46739
68762
68776
68228
68412
68168
57049
68740
68572
68714
67076
67008
68276
67385
04860
68566
68025
69024
11714
68756
68652
14459
68858
67643
68214
68952
26535
68514
33482
68480
69040
68646
67107
68864
68914
55779
68488
68478
03128
67387
68990
69002
08374
69056
68800
68554
11204
68654
13146
68746
68476
17829
67595
69060
68242
68798
68840
26954
68610
28166
68772
67794
69006
68574
33543
68226
67906
68268
69044
68452
68920
68826
67943
67959
66266
68380
68670
68706
68738
68996
68898
67157
68284
68466
68548
68159
68978
68496
67334
62282
68181
68998
02590
05813
05814
68828
67559
68426
65500
68782
68966
18496
68334
68352
67752
67778
28317
68616
30240
69000
68562
68628
36658
68608
67904
68328
69008
69036
68584
68934
38628
68774
67940
68342
39594
68736
41604
67093
68508
68600
67192
68680
51892
68912
53373
68564
68868
57443
68796
68560
61063
62715
67051
68372
68382
63475
68422
65115
05494
06656
67434
07602
69064
69078
67473
68658
65358
67526
16410
18200
68512
19564
67634
21184
21707
68896
21860
67658
68792
67674
24445
26500
68236
67755
68404
31779
31780
32288
32290
32291
32969
68326
68696
69022
67907
69096
68532
68716
68346
67974
68704
45999
67136
49485
69058
68570
52513
52717
52924
68432
67224
59552
68498
68640
62648
68812
68266
68004
68408
68005
03641
68250
67378
05115
06437
68494
68410
67525
68614
15608
18066
18530
68910
20384
68582
21414
67652
22997
22998
67695
67734
27576
28382
32515
68206
33056
33122
33124
34133
34213
67883
37474
37475
37963
37964
68117
68824
68362
44056
44475
47613
68830
67236
67248
54884
55075
56164
57678
57767
68468
63838
63881
68876
68606
64417
02179
02522
67374
06417
67428
67437
68960
13660
13662
15832
67567
16070
67590
68212
20397
20398
23336
68662
25034
26301
68392
26857
28001
67792
67799
34869
68524
68672
37200
68286
68778
38734
40018
67100
67120
47008
68444
68420
50725
51691
51693
52177
68482
68734
55843
55845
55847
57268
60913
68378
62370
68862
06026
67408
67444
68590
08789
68017
68884
08821
10094
11065
67537
68204
15554
67586
18984
21031
68536
68822
24827
26222
68962
30717
67832
68556
67854
34093
34380
36236
36238
39959
44134
67103
45721
47911
54304
69042
56252
69010
56469
57732
68550
57926
67048
68604
62834
63854
64047
64456
67343
68958
67442
08171
11442
65373
12017
14263
68356
67615
67633
20771
68234
20930
68946
22486
68860
27380
27638
68308
66028
33809
33810
34708
37276
39366
42558
67983
43701
68388
45871
49937
49938
50403
67219
67220
53673
54350
67251
67285
67026
63825
68450
01513
69090
06143
68752
69076
67422
67455
12107
18431
19195
67627
69070
67639
21090
67651
23414
68668
25424
25425
69062
27539
29567
68872
43259
67096
68490
44225
44911
48345
52219
52380
68750
53567
55192
68816
57602
69026
59137
68438
62941
63921
63976
01077
68886
67441
11977
67533
67541
67543
67547
15451
16510
16638
17518
17885
18074
18859
18950
19916
68588
68648
68502
68948
68596
68976
67860
68530
67973
47573
48300
67163
68470
67218
53201
68518
60973
61875